[0m[7m[38;2;0;5;0m     [0m[38;2;0;5;0;48;2;0;4;0m╴[38;2;1;4;1;48;2;5;5;0m┎[38;2;183;9;6;48;2;11;5;0m▂[38;2;121;7;6;48;2;1;5;0m▄[38;2;138;7;7;48;2;37;5;2m┰[38;2;149;8;7;48;2;7;4;1m▃[38;2;133;8;7;48;2;1;4;0m▂[38;2;3;5;0;48;2;0;4;0m▁[48;2;0;5;0m       [0m
[7m[38;2;0;5;0m    [0m[38;2;0;5;0;48;2;0;4;0m╴[38;2;87;11;9;48;2;8;5;2m▗[38;2;49;7;5;48;2;104;7;4m▉[38;2;48;7;6;48;2;212;4;2m▘[38;2;251;0;0;48;2;130;10;9m▇[38;2;252;0;0;48;2;142;10;8m▇[38;2;240;2;1;48;2;51;6;5m▆[38;2;224;5;3;48;2;83;7;5m▖[38;2;213;8;6;48;2;42;6;4m╲[38;2;0;5;0;48;2;10;5;1m╵[48;2;0;5;0m      [0m
[7m[38;2;0;5;0m    [0m[38;2;0;2;0;48;2;0;4;0m╷[38;2;225;8;6;48;2;55;7;5m┃[38;2;26;8;4;48;2;221;4;4m▎[38;2;254;0;0;48;2;253;0;0m╴[48;2;254;0;0m   [38;2;253;0;0;48;2;240;4;2m▋[38;2;42;4;3;48;2;195;14;9m▉[38;2;218;8;6;48;2;5;4;0m▍[38;2;0;5;0;48;2;0;4;0m╴[48;2;0;5;0m     [0m
[7m[38;2;0;5;0m    [0m[38;2;0;5;0;48;2;0;4;0m╴[38;2;192;8;7;48;2;32;5;2m▝[38;2;24;6;4;48;2;174;7;7m╲[38;2;85;6;5;48;2;242;1;1m▂[38;2;241;3;2;48;2;253;0;0m▁[38;2;254;0;0m╴[48;2;254;0;0m [38;2;251;0;0;48;2;214;8;8m▊[38;2;169;9;6;48;2;65;7;5m┏[38;2;79;7;5;48;2;0;4;0m▘[48;2;0;5;0m      [0m
[7m[38;2;0;5;0m     [0m[38;2;0;5;0;48;2;0;4;0m╴[38;2;1;4;0;48;2;93;7;6m▆[38;2;2;4;0;48;2;130;8;7m▄[38;2;197;8;7;48;2;41;6;3m━[38;2;5;5;1;48;2;164;8;7m▃[38;2;134;6;5;48;2;250;1;0m▖[38;2;177;8;6;48;2;250;0;0m▂[38;2;17;5;3;48;2;172;7;5m▝[38;2;50;6;4;48;2;3;5;0m▁[38;2;0;5;0;48;2;0;4;0m╴[48;2;0;5;0m     [0m
[7m[38;2;0;5;0m        [0m[38;2;0;5;0;48;2;0;4;0m╴╴[38;2;0;4;0;48;2;46;8;6m▇[38;2;15;6;3;48;2;91;10;9m▖[38;2;245;2;2;48;2;137;8;7m▝[38;2;54;7;3;48;2;229;4;3m▝[38;2;55;5;4;48;2;0;4;0m▖[48;2;0;5;0m     [0m
[7m[38;2;0;5;0m [0m[38;2;0;5;0;48;2;0;4;0m╴╴╴╴[48;2;0;5;0m     [48;2;0;4;0m╴[48;2;5;5;1m╴[38;2;197;7;6;48;2;32;5;3m▝[38;2;2;4;0;48;2;202;5;5m▄[38;2;28;5;3;48;2;0;4;0m▘[38;2;0;5;0m╴[48;2;0;5;0m    [0m
[7m[38;2;0;5;0m [0m[38;2;1;4;4;48;2;49;121;202m▊[38;2;62;128;213;48;2;11;29;47m▎[38;2;11;28;45;48;2;55;128;206m▊[38;2;55;121;206;48;2;0;5;4m▎[38;2;23;52;83;48;2;0;4;1m▄[38;2;37;83;136;48;2;2;7;6m▃[38;2;43;93;153;48;2;1;6;4m▗[38;2;26;57;95;48;2;1;7;5m▂[38;2;35;73;118;48;2;0;4;0m▖[38;2;35;74;124m▗[38;2;55;126;206;48;2;12;26;41m╸[38;2;0;3;0;48;2;2;12;18m▉[38;2;56;123;204;48;2;3;7;11m▌[38;2;0;4;1;48;2;2;7;20m▉[38;2;56;127;209;48;2;2;5;7m▌[38;2;37;82;133;48;2;2;7;6m▃[38;2;27;58;96;48;2;6;15;18m▖[38;2;0;5;0;48;2;0;4;0m╴[48;2;0;5;0m [0m
[7m[38;2;0;5;0m [0m[38;2;1;4;3;48;2;47;116;194m▊[38;2;60;124;202;48;2;4;11;16m▎[38;2;3;11;14;48;2;53;123;195m▊[38;2;52;116;198;48;2;2;8;9m▎[38;2;50;122;201;48;2;29;64;106m╸[38;2;39;91;150;48;2;1;7;11m▉[38;2;8;17;25;48;2;35;76;128m▋[38;2;7;17;24;48;2;47;101;167m▄[38;2;38;82;136;48;2;7;13;21m▖[38;2;56;134;225;48;2;18;37;58m┹[38;2;14;34;56;48;2;61;132;215m▌[38;2;43;96;159;48;2;3;8;12m╸[38;2;51;121;202;48;2;19;40;65m╲[38;2;38;86;141;48;2;5;14;19m▃[38;2;56;134;225;48;2;8;18;26m▘[38;2;1;4;3;48;2;29;65;106m━[38;2;43;98;162;48;2;24;52;85m┗[38;2;0;4;1;48;2;0;4;0m▎[48;2;0;5;0m [0m
[7m[38;2;0;5;0m [0m[38;2;1;4;2;48;2;23;42;67m▌[38;2;9;15;24;48;2;35;71;115m▁[38;2;44;86;142;48;2;24;46;73m╹[38;2;10;16;26;48;2;34;71;117m▁[38;2;44;97;161;48;2;27;50;83m▍[38;2;39;76;124;48;2;1;3;2m▇[38;2;41;93;153;48;2;0;2;3m▇[38;2;40;82;136;48;2;0;3;0m▇[38;2;44;103;173;48;2;24;43;70m▍[38;2;10;16;24;48;2;35;72;119m▁[38;2;44;89;146;48;2;4;7;14m▇[38;2;43;84;139;48;2;0;2;1m▇[38;2;44;98;164;48;2;0;3;2m▇[38;2;38;76;126;48;2;1;2;2m▇[38;2;36;72;118;48;2;0;2;0m▇[38;2;39;81;134;48;2;1;2;3m▇[38;2;40;81;133;48;2;21;39;64m▌[38;2;31;59;92;48;2;2;4;3m▍[48;2;0;5;0m [0m
